Term,A,B,C,D,Total
UA_Transvib,2398.76,2425.79,2409.39,2431.95,9665.89
UA_Rovib,1293.57,1374.6,1321.23,1439.55,5428.95
UA_Conf,1407.49,1292.54,1326.58,1311.64,5338.25
Res_Transvib,2891.75,2877.24,2875.26,2898.98,11543.23
Res_Rovib,2555.34,2220.25,2210.19,2212.37,9198.15
Res_Conf,52.7,42.09,43.71,37.99,176.49
P_Transvib,50.8,50.28,50.68,50.3,202.06
P_Rovib,46.3,46.27,46.81,46,185.38
Total,10696.71,10329.06,10283.85,10428.78,41738.4
