Term,A,B,C,D,Total
UA_Transvib,2350.95,2388.01,2399.71,2406.27,9544.94
UA_Rovib,900.21,1362.77,1344.59,1381.17,4988.74
UA_Conf,1474.52,1375.65,1462.56,1393.48,5706.21
Res_Transvib,2883.85,2874.26,2874.34,2945.72,11578.17
Res_Rovib,2542.36,2214.17,2213.51,2214.58,9184.62
Res_Conf,55.72,51.99,35.24,46.6,189.55
P_Transvib,49.44,50.7,50.7,50.29,201.13
P_Rovib,46.38,46.79,46.83,46.86,186.86
Total,10303.43,10364.34,10427.48,10484.97,41580.22
