Term,A,B,C,D,Total
UA_Transvib,2396.7,2390.25,2394.3,2404.55,9585.8
UA_Rovib,1040.92,975.06,1024.21,1016.4,4056.59
UA_Conf,1288.53,1411.7,1301.67,1354.87,5356.77
Res_Transvib,2926.8,2931.39,2919.44,2873.49,11651.12
Res_Rovib,2425.47,2204.27,2195.45,2208.01,9033.2
Res_Conf,38.09,49.24,42.54,32.28,162.15
P_Transvib,50.57,50.5,50.77,50.82,202.66
P_Rovib,46.19,46.55,46.9,46.25,185.89
Total,10213.27,10058.96,9975.28,9986.67,40234.18
