Term,A,B,C,D,Total
UA_Transvib,2410.38,2356.6,2420.77,2383.78,9571.53
UA_Rovib,1200.25,1120.55,1205.75,1193.46,4720.01
UA_Conf,1376.77,1466.45,1323.26,1429.3,5595.78
Res_Transvib,2909.78,2918.32,2876.95,2918.73,11623.78
Res_Rovib,2501.42,2208.22,2228.42,2204.17,9142.23
Res_Conf,45.33,52.48,36.84,44.79,179.44
P_Transvib,50.58,49.89,50.54,50.55,201.56
P_Rovib,47.11,46.36,46.6,46.01,186.08
Total,10541.62,10218.87,10189.13,10270.79,41220.41
