Term,A,B,C,D,Total
UA_Transvib,2403.17,2403.21,2411.04,2387.02,9604.44
UA_Rovib,1064.87,1048.59,1017.5,1022.27,4153.23
UA_Conf,1304.07,1370.13,1296.3,1363.8,5334.3
Res_Transvib,2908.97,2902.95,2918.43,2909.79,11640.14
Res_Rovib,2447.58,2209.18,2216.4,2188.73,9061.89
Res_Conf,38.53,39.33,45.94,49.68,173.48
P_Transvib,49.95,50.74,50.56,49.78,201.03
P_Rovib,45.55,45.97,46.15,46.26,183.93
Total,10262.69,10070.1,10002.32,10017.33,40352.44
